1650.02
0 0 32.37   30   0    46 47 
0 1 166.05   80   1    2 10 19 33 42 
0 2 84.38   70   3    6 18 28 
0 3 84.66   52   3    16 22 32 48 
1 0 123.94   79   1    5 8 11 37 40 
1 1 23.09   11   0    9 
1 2 27.85   30   2    27 38 
1 3 81.59   55   1    12 24 44 
2 0 148.57   51   2    25 26 36 50 
2 1 185.74   69   0    3 23 34 43 
2 2 160.2   56   3    13 29 41 
2 3 94.08   38   0    14 35 
3 0 170.17   62   0    7 17 21 39 49 
3 1 41.62   10   2    15 
3 2 126.59   56   1    4 20 30 
3 3 99.12   28   2    1 31 45 
